0000010011000000
0000110010101000
0001010011101000
0001110011110101
0010010011101000
0010110011110101
0011010011101000
0011110011110101
0100010011101000
0100110011110101
0111010011101000
0111110011110101
1000010011101000
1000110011110101
1010010011101000
1010110011110101
0101010100000000
0101110101000000
0110010100000000
0110110101000000
1001010100000000
1001110101000000
1011010010101000
1011110010101000
1100010101100000
1100110101100000
1101001111000000
1101101111000000
1111000000000000
1111100000000000
1111111111111111