0111001111100000
0111011111100000
1011001111100000
1011011111100000
1011101111100000
1011111111100000
1100001111100000
1100011111100000
0000001001010000
0000011001010000
0000101001011110
0000111001010000
0001001001011110
0001011001010000
0010001001011110
0010011001010000
0101001001011110
0101011001010000
1100101001011110
1100111001010000
0010101110000000
0010110000000000
0011001110000000
0011010000000000
0100101110000000
0100110000000000
1000001110010000
1000010000011000
1000101110010000
1000110000011000
1001001110010000
1001010000011000
1001101110010000
1001110000011000
1010001110010000
1010010000011000
1010101110010000
1010110000011000
0101101000000000
0101111000000000
0110000000100000
0110010000100000
0110101111100000
0110111111100000
1101001001011110
1101011001010000
1101101001011110
1101111001010000
0011101001011110
0011111001010000
0100001001011110
0100011001010000
1111001001011110
1111011001010000
1111100000000000
1111110000000000
0001101001011110
0001111001010000
0111101001011110
0111111001010000
0111001001011110
0111011001010000
1110001001011110
1110011001010000